isData/I:Mass/F:Lumi/F:nTotEvts/F:statnTotEvts/F:sysnTotEvts/F:snTotEvts/F:nBkgEvts/F:statnBkgEvts/F:sysnBkgEvts/F:snBkgEvts/F:Eff/F:statEff/F:sysEff/F:sEff/F
   0    300.0     36.0     0.6252     0.1751     0.1876     0.2566     0.0227     0.0373     0.0068     0.0379   0.0450   0.0021   0.0022   0.0031   
   1    300.0     36.0     0.0000     0.0000     1.0000     1.0000     0.0227     0.0373     0.0068     0.0379   0.0450   0.0021   0.0022   0.0031   
   0    400.0     36.0     0.5824     0.1694     0.1747     0.2433     0.0317     0.0439     0.0095     0.0449   0.1273   0.0033   0.0064   0.0072   
   1    400.0     36.0     1.0000     1.0000     1.0000     1.4142     0.0317     0.0439     0.0095     0.0449   0.1273   0.0033   0.0064   0.0072   
   0    500.0     36.0     0.2428     0.1090     0.0728     0.1311     0.0081     0.0220     0.0024     0.0221   0.1341   0.0034   0.0067   0.0075   
   1    500.0     36.0     0.0000     0.0000     1.0000     1.0000     0.0081     0.0220     0.0024     0.0221   0.1341   0.0034   0.0067   0.0075   
   0    600.0     36.0     0.1277     0.0795     0.0383     0.0882     0.0095     0.0240     0.0029     0.0241   0.1622   0.0037   0.0081   0.0089   
   1    600.0     36.0     0.0000     0.0000     1.0000     1.0000     0.0095     0.0240     0.0029     0.0241   0.1622   0.0037   0.0081   0.0089   
   0    700.0     36.0     0.0599     0.0544     0.0180     0.0573     0.0038     0.0154     0.0011     0.0154   0.1480   0.0036   0.0074   0.0082   
   1    700.0     36.0     0.0000     0.0000     1.0000     1.0000     0.0038     0.0154     0.0011     0.0154   0.1480   0.0036   0.0074   0.0082   
   0    800.0     36.0     0.0286     0.0373     0.0086     0.0383     0.0004     0.0045     0.0001     0.0045   0.1319   0.0034   0.0066   0.0074   
   1    800.0     36.0     0.0000     0.0000     1.0000     1.0000     0.0004     0.0045     0.0001     0.0045   0.1319   0.0034   0.0066   0.0074   
   0    900.0     36.0     0.0173     0.0292     0.0052     0.0297     0.0011     0.0082     0.0003     0.0082   0.1446   0.0035   0.0072   0.0080   
   1    900.0     36.0     0.0000     0.0000     1.0000     1.0000     0.0011     0.0082     0.0003     0.0082   0.1446   0.0035   0.0072   0.0080   
   0    300.0    200.0     3.4736     0.9730     1.0421     1.4257     0.1263     0.2073     0.0379     0.2107   0.0450   0.0021   0.0022   0.0031   
   0    400.0    200.0     3.2356     0.9409     0.9707     1.3519     0.1763     0.2436     0.0529     0.2493   0.1273   0.0033   0.0064   0.0072   
   0    500.0    200.0     1.3489     0.6058     0.4047     0.7285     0.0450     0.1220     0.0135     0.1228   0.1341   0.0034   0.0067   0.0075   
   0    600.0    200.0     0.7096     0.4416     0.2129     0.4903     0.0529     0.1331     0.0159     0.1341   0.1622   0.0037   0.0081   0.0089   
   0    700.0    200.0     0.3327     0.3024     0.0998     0.3184     0.0210     0.0853     0.0063     0.0855   0.1480   0.0036   0.0074   0.0082   
   0    800.0    200.0     0.1590     0.2072     0.0477     0.2127     0.0022     0.0251     0.0007     0.0251   0.1319   0.0034   0.0066   0.0074   
   0    900.0    200.0     0.0961     0.1623     0.0288     0.1648     0.0063     0.0458     0.0019     0.0458   0.1446   0.0035   0.0072   0.0080   
   0    300.0    400.0     6.9471     1.9460     2.0841     2.8514     0.2526     0.4146     0.0758     0.4214   0.0450   0.0021   0.0022   0.0031   
   0    400.0    400.0     6.4713     1.8819     1.9414     2.7038     0.3526     0.4873     0.1058     0.4986   0.1273   0.0033   0.0064   0.0072   
   0    500.0    400.0     2.6978     1.2115     0.8093     1.4570     0.0900     0.2441     0.0270     0.2456   0.1341   0.0034   0.0067   0.0075   
   0    600.0    400.0     1.4192     0.8833     0.4258     0.9805     0.1057     0.2663     0.0317     0.2682   0.1622   0.0037   0.0081   0.0089   
   0    700.0    400.0     0.6654     0.6047     0.1996     0.6368     0.0421     0.1706     0.0126     0.1710   0.1480   0.0036   0.0074   0.0082   
   0    800.0    400.0     0.3179     0.4145     0.0954     0.4253     0.0044     0.0502     0.0013     0.0502   0.1319   0.0034   0.0066   0.0074   
   0    900.0    400.0     0.1922     0.3246     0.0577     0.3297     0.0126     0.0916     0.0038     0.0916   0.1446   0.0035   0.0072   0.0080   
   0    300.0    600.0    10.4207     2.9190     3.1262     4.2771     0.3788     0.6218     0.1136     0.6321   0.0450   0.0021   0.0022   0.0031   
   0    400.0    600.0     9.7069     2.8228     2.9121     4.0557     0.5289     0.7309     0.1587     0.7479   0.1273   0.0033   0.0064   0.0072   
   0    500.0    600.0     4.0466     1.8173     1.2140     2.1855     0.1350     0.3661     0.0405     0.3684   0.1341   0.0034   0.0067   0.0075   
   0    600.0    600.0     2.1288     1.3249     0.6386     1.4708     0.1586     0.3994     0.0476     0.4022   0.1622   0.0037   0.0081   0.0089   
   0    700.0    600.0     0.9981     0.9071     0.2994     0.9552     0.0631     0.2559     0.0189     0.2566   0.1480   0.0036   0.0074   0.0082   
   0    800.0    600.0     0.4769     0.6217     0.1431     0.6380     0.0067     0.0753     0.0020     0.0753   0.1319   0.0034   0.0066   0.0074   
   0    900.0    600.0     0.2883     0.4869     0.0865     0.4945     0.0189     0.1374     0.0057     0.1375   0.1446   0.0035   0.0072   0.0080   
   0    300.0    800.0    13.8943     3.8920     4.1683     5.7028     0.5051     0.8291     0.1515     0.8428   0.0450   0.0021   0.0022   0.0031   
   0    400.0    800.0    12.9426     3.7638     3.8828     5.4076     0.7052     0.9745     0.2115     0.9972   0.1273   0.0033   0.0064   0.0072   
   0    500.0    800.0     5.3955     2.4230     1.6187     2.9140     0.1800     0.4882     0.0540     0.4911   0.1341   0.0034   0.0067   0.0075   
   0    600.0    800.0     2.8383     1.7666     0.8515     1.9611     0.2114     0.5326     0.0634     0.5363   0.1622   0.0037   0.0081   0.0089   
   0    700.0    800.0     1.3308     1.2095     0.3992     1.2737     0.0841     0.3412     0.0252     0.3421   0.1480   0.0036   0.0074   0.0082   
   0    800.0    800.0     0.6358     0.8290     0.1907     0.8506     0.0089     0.1004     0.0027     0.1005   0.1319   0.0034   0.0066   0.0074   
   0    900.0    800.0     0.3844     0.6492     0.1153     0.6594     0.0252     0.1831     0.0076     0.1833   0.1446   0.0035   0.0072   0.0080   
   0    300.0   1000.0    17.3678     4.8650     5.2104     7.1285     0.6314     1.0364     0.1894     1.0536   0.0450   0.0021   0.0022   0.0031   
   0    400.0   1000.0    16.1782     4.7047     4.8535     6.7595     0.8815     1.2181     0.2644     1.2465   0.1273   0.0033   0.0064   0.0072   
   0    500.0   1000.0     6.7444     3.0288     2.0233     3.6425     0.2250     0.6102     0.0675     0.6139   0.1341   0.0034   0.0067   0.0075   
   0    600.0   1000.0     3.5479     2.2082     1.0644     2.4513     0.2643     0.6657     0.0793     0.6704   0.1622   0.0037   0.0081   0.0089   
   0    700.0   1000.0     1.6635     1.5118     0.4990     1.5921     0.1052     0.4265     0.0315     0.4276   0.1480   0.0036   0.0074   0.0082   
   0    800.0   1000.0     0.7948     1.0362     0.2384     1.0633     0.0111     0.1255     0.0033     0.1256   0.1319   0.0034   0.0066   0.0074   
   0    900.0   1000.0     0.4805     0.8115     0.1442     0.8242     0.0315     0.2289     0.0095     0.2291   0.1446   0.0035   0.0072   0.0080   
   0    300.0   2000.0    34.7357     9.7300    10.4207    14.2571     1.2628     2.0728     0.3788     2.1071   0.0450   0.0021   0.0022   0.0031   
   0    400.0   2000.0    32.3564     9.4095     9.7069    13.5190     1.7629     2.4363     0.5289     2.4930   0.1273   0.0033   0.0064   0.0072   
   0    500.0   2000.0    13.4888     6.0576     4.0466     7.2849     0.4499     1.2204     0.1350     1.2279   0.1341   0.0034   0.0067   0.0075   
   0    600.0   2000.0     7.0959     4.4164     2.1288     4.9026     0.5286     1.3314     0.1586     1.3408   0.1622   0.0037   0.0081   0.0089   
   0    700.0   2000.0     3.3270     3.0237     0.9981     3.1841     0.2103     0.8529     0.0631     0.8552   0.1480   0.0036   0.0074   0.0082   
   0    800.0   2000.0     1.5895     2.0724     0.4769     2.1265     0.0222     0.2510     0.0067     0.2511   0.1319   0.0034   0.0066   0.0074   
   0    900.0   2000.0     0.9610     1.6230     0.2883     1.6484     0.0631     0.4579     0.0189     0.4582   0.1446   0.0035   0.0072   0.0080   
   0    300.0   3000.0    52.1035    14.5950    15.6311    21.3856     1.8941     3.1092     0.5682     3.1607   0.0450   0.0021   0.0022   0.0031   
   0    400.0   3000.0    48.5346    14.1142    14.5604    20.2784     2.6444     3.6544     0.7933     3.7395   0.1273   0.0033   0.0064   0.0072   
   0    500.0   3000.0    20.2332     9.0864     6.0700    10.9274     0.6749     1.8306     0.2025     1.8418   0.1341   0.0034   0.0067   0.0075   
   0    600.0   3000.0    10.6438     6.6246     3.1931     7.3540     0.7928     1.9971     0.2378     2.0112   0.1622   0.0037   0.0081   0.0089   
   0    700.0   3000.0     4.9905     4.5355     1.4971     4.7762     0.3155     1.2794     0.0946     1.2829   0.1480   0.0036   0.0074   0.0082   
   0    800.0   3000.0     2.3843     3.1086     0.7153     3.1898     0.0333     0.3766     0.0100     0.3767   0.1319   0.0034   0.0066   0.0074   
   0    900.0   3000.0     1.4415     2.4345     0.4325     2.4726     0.0946     0.6868     0.0284     0.6874   0.1446   0.0035   0.0072   0.0080   
   0    300.0   4000.0    69.4714    19.4600    20.8414    28.5142     2.5255     4.1456     0.7577     4.2142   0.0450   0.0021   0.0022   0.0031   
   0    400.0   4000.0    64.7128    18.8189    19.4138    27.0379     3.5258     4.8725     1.0577     4.9860   0.1273   0.0033   0.0064   0.0072   
   0    500.0   4000.0    26.9776    12.1152     8.0933    14.5698     0.8998     2.4408     0.2699     2.4557   0.1341   0.0034   0.0067   0.0075   
   0    600.0   4000.0    14.1917     8.8327     4.2575     9.8053     1.0571     2.6628     0.3171     2.6816   0.1622   0.0037   0.0081   0.0089   
   0    700.0   4000.0     6.6540     6.0473     1.9962     6.3683     0.4206     1.7058     0.1262     1.7105   0.1480   0.0036   0.0074   0.0082   
   0    800.0   4000.0     3.1790     4.1448     0.9537     4.2531     0.0444     0.5021     0.0133     0.5023   0.1319   0.0034   0.0066   0.0074   
   0    900.0   4000.0     1.9220     3.2460     0.5766     3.2968     0.1261     0.9157     0.0378     0.9165   0.1446   0.0035   0.0072   0.0080   
   0    300.0   5000.0    86.8392    24.3250    26.0518    35.6427     3.1569     5.1820     0.9471     5.2678   0.0450   0.0021   0.0022   0.0031   
   0    400.0   5000.0    80.8910    23.5236    24.2673    33.7974     4.4073     6.0907     1.3222     6.2325   0.1273   0.0033   0.0064   0.0072   
   0    500.0   5000.0    33.7221    15.1440    10.1166    18.2123     1.1248     3.0510     0.3374     3.0696   0.1341   0.0034   0.0067   0.0075   
   0    600.0   5000.0    17.7396    11.0409     5.3219    12.2566     1.3214     3.3285     0.3964     3.3520   0.1622   0.0037   0.0081   0.0089   
   0    700.0   5000.0     8.3175     7.5591     2.4952     7.9603     0.5258     2.1323     0.1577     2.1381   0.1480   0.0036   0.0074   0.0082   
   0    800.0   5000.0     3.9738     5.1810     1.1921     5.3163     0.0555     0.6276     0.0166     0.6278   0.1319   0.0034   0.0066   0.0074   
   0    900.0   5000.0     2.4025     4.0575     0.7208     4.1210     0.1577     1.1446     0.0473     1.1456   0.1446   0.0035   0.0072   0.0080   
