Rho/I:Pi/I:Junk/I:Xsec/F
100  100         37498   3.111E-4 
100  150         37764   3.094E-4 
100  200         37983   3.071E-4 
100  250         37983   3.071E-4 
100  300         37983   3.071E-4 
100  350         37506   3.104E-4 
100  400         37524   3.102E-4 

150  100         45394   4.939E-4 
150  150         45163   5.005E-4 
150  200         45286   4.946E-4 
150  250         45286   4.947E-4 
150  300         45286   4.947E-4 
150  350         45286   4.947E-4 
150  400         45286   4.947E-4 

200  100        114932   5.967E-2 
200  125         98000   1.689E-1 
200  150        102065   1.907E-1 
200  175        105043   1.949E-1 
200  200        105065   1.960E-1 
200  225        105557   1.987E-1 
200  250        105557   1.987E-1 
200  275        105557   1.987E-1 
200  300        105557   1.987E-1 
200  325        105557   1.987E-1 
200  350        105557   1.987E-1 
200  375        105557   1.987E-1 
200  400        105557   1.987E-1 
200  425        105557   1.987E-1 
200  450        105557   1.987E-1 

225  100        103497   1.808E-2 
225  125        126353   6.604E-2 
225  150        107687   1.487E-1 
225  175        114919   1.601E-1 
225  200        116710   1.636E-1 
225  225        119568   1.639E-1 
225  250        117105   1.642E-1 
225  275        117105   1.642E-1 
225  300        117105   1.642E-1 
225  325        117105   1.642E-1 
225  350        117105   1.642E-1 
225  375        117105   1.642E-1 
225  400        117105   1.642E-1 
225  425        117105   1.642E-1 
225  450        117105   1.642E-1 

250  100         84688   1.033E-2 
250  125        163164   2.886E-2 
250  150        134522   5.984E-2 
250  175        116106   1.143E-1 
250  200        123746   1.206E-1 
250  225        127559   1.223E-1 
250  250        128286   1.244E-1 
250  275        127580   1.235E-1 
250  300        128351   1.234E-1 
250  325        128351   1.234E-1 
250  350        128351   1.234E-1 
250  375        128351   1.234E-1 
250  400        128351   1.234E-1 
250  425        128351   1.234E-1 
250  450        128351   1.234E-1 

275  100         76624   6.885E-3 
275  125        140553   1.151E-2 
275  150        171379   2.596E-2 
275  175        141840   5.134E-2 
275  200        126410   8.474E-2 
275  225        133715   8.910E-2 
275  250        134021   9.125E-2 
275  275        137156   9.102E-2 
275  300        137822   9.092E-2 
275  325        136480   9.156E-2 
275  350        136480   9.156E-2 
275  375        136480   9.156E-2 
275  400        136480   9.156E-2 
275  425        136480   9.156E-2 
275  450        136480   9.156E-2 

300  100         75072   4.668E-3 
300  125        117310   6.513E-3 
300  150        184611   1.490E-2 
300  175        177713   2.287E-2 
300  200        144467   4.340E-2 
300  225        129170   6.522E-2 
300  250        140899   6.705E-2 
300  275        144213   6.759E-2 
300  300        143477   6.832E-2 
300  325        143903   6.785E-2 
300  350        143858   6.803E-2 
300  375        143858   6.803E-2 
300  400        143858   6.803E-2 
300  425        143858   6.803E-2 
300  450        143858   6.803E-2 

325  100         73694   3.405E-3 
325  125        102723   4.351E-3 
325  150        169146   7.101E-3 
325  175        192949   1.303E-2 
325  200        179822   1.999E-2 
325  225        147660   3.552E-2 
325  250        139027   4.942E-2 
325  275        145630   5.098E-2 
325  300        151174   5.123E-2 
325  325        149633   5.147E-2 
325  350        152718   5.149E-2 
325  375        152021   5.173E-2 
325  400        151889   5.172E-2 
325  425        151889   5.172E-2 
325  450        151889   5.172E-2 

350  100         71857   2.568E-3 
350  125         97351   3.017E-3 
350  150        141791   4.212E-3 
350  175        204317   8.267E-3 
350  200        197424   1.147E-2 
350  225        187551   1.721E-2 
350  250        151786   2.900E-2 
350  275        142901   3.842E-2 
350  300        149332   3.917E-2 
350  325        153316   3.945E-2 
350  350        159780   3.902E-2 
350  375        155407   3.966E-2 
350  400        154567   3.984E-2 
350  425        154567   3.984E-2 
350  450        154567   3.984E-2 

375  100         72539   1.963E-3 
375  125         92468   2.235E-3 
375  150        125752   2.854E-3 
375  175        185670   4.534E-3 
375  200        208340   7.387E-3 
375  225        200806   1.012E-2 
375  250        187460   1.504E-2 
375  275        156342   2.412E-2 
375  300        150188   2.970E-2 
375  325        154222   3.045E-2 
375  350        157978   3.106E-2 
375  375        160910   3.083E-2 
375  400        164369   3.056E-2 
375  425        164565   3.053E-2 
375  450        164565   3.053E-2 

400  100         74310   1.494E-3 
400  125         90430   1.691E-3 
400  150        115515   2.043E-3 
400  175        163537   2.788E-3 
400  200        209412   5.036E-3 
400  225        213910   6.498E-3 
400  250        203180   8.843E-3 
400  275        183786   1.308E-2 
400  300        158098   1.966E-2 
400  325        151237   2.393E-2 
400  350        161971   2.406E-2 
400  375        162712   2.422E-2 
400  400        167124   2.419E-2 
400  425        167959   2.392E-2 
400  450        167150   2.393E-2 

425  100         75772   1.173E-3 
425  125         87995   1.309E-3 
425  150        107960   1.537E-3 
425  175        141766   1.953E-3 
425  200        196184   2.997E-3 
425  225        214034   4.483E-3 
425  250        216508   5.760E-3 
425  275        203615   7.799E-3 
425  300        188098   1.096E-2 
425  325        165806   1.600E-2 
425  350        161048   1.882E-2 
425  375        164902   1.933E-2 
425  400        170445   1.945E-2 
425  425        169321   1.961E-2 
425  450        169434   1.952E-2 

450  100         76740   9.330E-4 
450  125         88078   1.009E-3 
450  150        104456   1.166E-3 
450  175        133232   1.399E-3 
450  200        176333   1.941E-3 
450  225        212366   3.215E-3 
450  250        220870   3.970E-3 
450  275        220886   5.055E-3 
450  300        208319   6.777E-3 
450  325        186924   9.613E-3 
450  350        163922   1.341E-2 
450  375        163434   1.527E-2 
450  400        167887   1.550E-2 
450  425        169245   1.577E-2 
450  450        168946   1.582E-2 

475  100         76420   7.577E-4 
475  125         87285   8.153E-4 
475  150        102312   9.088E-4 
475  175        124417   1.058E-3 
475  200        159233   1.358E-3 
475  225        207603   2.044E-3 
475  250        220008   2.860E-3 
475  275        224521   3.514E-3 
475  300        217228   4.498E-3 
475  325        205365   5.963E-3 
475  350        190465   8.279E-3 
475  375        170206   1.107E-2 
475  400        164043   1.257E-2 
475  425        168215   1.277E-2 
475  450        173299   1.287E-2 

500  100         79438   6.064E-4 
500  125         86473   6.637E-4 
500  150        100163   7.210E-4 
500  175        120941   8.162E-4 
500  200        146224   1.006E-3 
500  225        190384   1.354E-3 
500  250        215048   2.143E-3 
500  275        224116   2.582E-3 
500  300        223562   3.165E-3 
500  325        221275   3.954E-3 
500  350        209624   5.263E-3 
500  375        191149   7.061E-3 
500  400        171886   9.239E-3 
500  425        168382   1.040E-2 
500  450        174397   1.040E-2 
